10
15 15
+--+++-+--++-++
9 9
4 11
1 11
6 11
3 11
9 12
7 7
3 5
13 14
6 13
6 9
4 8
9 12
3 10
1 8

15 15
--+-++-+-+---+-
3 12
8 9
8 11
3 10
8 10
1 11
2 14
4 11
7 11
3 12
2 5
1 7
1 5
12 14
1 13

15 15
++-+-----+---+-
5 15
12 12
5 13
6 6
7 14
2 13
6 13
1 12
11 15
1 9
3 6
7 11
1 2
7 9
5 8

15 15
-++++-+-+-+-+-+
4 9
8 13
1 5
2 8
5 11
5 13
5 15
3 4
4 12
6 13
1 14
3 4
5 11
8 11
11 11

15 15
--++----+-+-++-
6 10
8 15
4 15
2 2
10 14
1 15
4 12
7 14
10 12
9 14
10 14
7 11
7 8
1 15
10 12

15 15
++-+-+--+++--++
4 10
4 12
5 6
12 14
4 8
6 15
6 10
2 9
2 10
1 6
3 12
1 14
10 11
8 9
1 4

15 15
++-++--+-+++--+
4 10
5 15
8 13
3 7
1 13
2 10
4 5
3 9
5 12
3 13
9 10
1 14
8 9
4 5
7 9

15 15
+---+-++++--+-+
7 10
10 14
8 11
5 6
14 14
1 1
5 15
14 14
12 13
13 13
14 15
1 9
4 8
8 11
10 12

15 15
++-+++--+++-+-+
2 13
5 13
10 14
8 11
3 5
2 8
4 11
10 13
3 15
9 11
9 12
12 13
3 4
13 13
3 10

15 15
+------+---+-+-
14 15
12 15
2 15
1 2
3 4
3 12
4 4
8 14
5 10
1 4
5 13
3 14
9 14
1 5
8 13

